run =

     1     2     3     4     5     6     7     8     9    10


final_SI =

  Columns 1 through 7

    1.9149    1.9149    1.9149    1.8559    1.7951    1.9149    2.9814

  Columns 8 through 10

    1.7321    1.7321    1.7951


average =

    1.9551