run =

     1     2     3     4     5     6     7     8     9    10


final_SI =

  Columns 1 through 7

    2.0276    1.9720    0.7071    2.9059    1.9720    2.0276    2.8868

  Columns 8 through 10

    1.7321    1.8559    2.7889


average =

    2.0876