function loadMediumProblem()
	global nRobots velocities energy homes nTasks priorities skills taskTimes distances;
	nRobots = 5;

	velocities = [0.77151014640921434 0.37794794237648083 0.95651878128560797 0.055554976994612579 0.81401734099603862];

	energy = [2429.8187510520211 1841.6084743900719 1209.7274892857715 792.68249127132822 2022.9982029537723];

	homes = [16 17 18 19 20];

	nTasks = 15;

	priorities = [0.32708882768158415 0.27471644318976191 0.055253372975180334 0.11586582108113545 0.5161848311016739 0.21028575625067575 0.1220555791694619 0.018657133752525801 0.92382657449738759 0.16662680312236638 0.062673223674597975 0.28684882276416718 0.41243598661434339 0.75441218771215013 0.33894722849011244 1 1 1 1 1];

	skills = [0.96848135233796695 0.20004261624372327 0.5129051263843889 0.81841401919976586 0.71910643571101163 0.99356926938572632 0.98933534742188978 0.4581260207058841 0.37998772642750916 0.3349311961461206 0.37732061370721287 0.1877329819228542 0.54614080768767537 0.84615430379577283 0.20674088814838026 1 1 1 1 1;0.6673565680308724 0.74527519563191524 0.022161947530387294 0.34406422977774037 0.13311863374830352 0.29330458862698677 0.087736455696719992 0.96065335166199806 0.48867723536571867 0.13611935990770069 0.36987233305943318 0.31077663556515872 0.74346900176553699 0.46202712286865871 0.11229682105360143 1 1 1 1 1;0.45821876630016328 0.19314864679692872 0.72556943974290999 0.073706714908356494 0.27678103113883273 0.34608272217870345 0.52589745043479064 0.40299101469989779 0.54133381134558511 0.19907031530494529 0.78621254309725175 0.39579074413958276 0.92209780714483414 0.94311407516980372 0.85230643468245715 1 1 1 1 1;0.22864096848877574 0.52936606173013245 0.033022178196796134 0.39945978887498296 0.41260631734075487 0.72361815467983959 0.99195077636130558 0.92913918533301765 0.60683979114819198 0.16313300264224656 0.48738805548290981 0.22618999822248848 0.62478051184722139 0.061293219736143587 0.39612001838368965 1 1 1 1 1;0.29768618081463333 0.38822490834867912 0.53359341254514425 0.51658095358725098 0.92243354905762609 0.73758060255973479 0.32353931029070798 0.090128309991592867 0.16033482378290348 0.47153232028745667 0.28311229897482576 0.61967825389209563 0.85940143845824823 0.025630352081851427 0.88654337604012745 1 1 1 1 1];

	taskTimes = [0.40845365289354324 0.34459350157869978 0.57872830653101015 0.9446631649894901 0.20199946526184148 0.81967601733624018 0.1109145461121837 0.97508628940544628 0.44018489158320401 0.70655663271674585 0.82178313290812988 0.6326903352237675 0.57338835503208585 0.2238357285912555 0.64347691532574758 0 0 0 0 0;0.78952358947548928 0.97677558664093544 0.29596872911248123 0.15414781948730555 0.92171480336924816 0.70879107866650681 0.34699181900371429 0.57606047681274786 0.61924432038950328 0.75940996421061002 0.033620501706442082 0.73419181692107849 0.47032992351075714 0.78031604411262734 0.77160336017808495 0 0 0 0 0;0.71784949307972945 0.97281696107324656 0.5155478838764842 0.51806302226203571 0.79266786483135598 0.94114572859289625 0.65895821662110587 0.53941829584698453 0.80755107473007126 0.0081591516591043474 0.6818176302624116 0.077218168520715766 0.82542869017690756 0.039356281349784791 0.82000920797455057 0 0 0 0 0;0.50168923580025526 0.62661440144698499 0.92460776811105483 0.51629004698962588 0.85253952565785585 0.0036003751417469807 0.94271630063410905 0.19732105389798088 0.95779494823909295 0.56256220925573375 0.58273593304746218 0.29480119909902386 0.036619523141003738 0.92567689746289039 0.26433526622063003 0 0 0 0 0;0.14479535219588052 0.48332765488824819 0.14452897325032527 0.20259917586577464 0.91417141068095997 0.96027229987597496 0.099248476138116867 0.045429804172187713 0.090456516041883581 0.55827296460826115 0.7786146271106259 0.47641707710342723 0.19067966853737556 0.10354280556888833 0.46935908217760564 0 0 0 0 0];

	distances = [0 0.34377253936150803 0.37695604530690691 0.60858335487941473 0.90557667834507249 0.68050116697370167 0.3787310192823829 0.51346566698048912 0.23430314963118298 0.37697824121833595 0.95428850958954492 0.84646790452588316 0.45116335818136716 0.1194693852586403 0.23923432310324172 0.4565691943334354 0.8404275831890069 0.0091322738698393253 0.7574081010331889 0.053120530470660607;0.72068759287652606 0 0.022285604750072286 0.55850694118826605 0.1680641499322813 0.46661219821232042 0.10170845001207644 0.77775832889915208 0.59737846238317527 0.093233827961636304 0.9396837813721427 0.86493821218317402 0.19692445257999641 0.053278298071562188 0.063761051724290294 0.77882883913750089 0.65790486445299701 0.25012974423457163 0.50754460484908015 0.9692404907908776;0.57962855549465808 0.54772858714746719 0 0.17914982065029456 0.59595189748154587 0.53970052523556555 0.1230454884956949 0.38672364658002961 0.12608738206287678 0.039827848793174622 0.7154992265984752 0.0018802967835910734 0.51018907735636254 0.91157841983478038 0.49268796579887869 0.87239801981193354 0.63865396503930616 0.54656294292380547 0.7922336120985024 0.29937100285133972;0.18651946898262844 0.78794497119716878 0.98718243081430601 0 0.64593487943633143 0.81751366584815299 0.45314158869235682 0.67811558535034955 0.10201397689641205 0.50211418231199656 0.44501384124632776 0.43335485057418605 0.21687003398934607 0.47253372175883007 0.52481176035961163 0.069493145867908376 0.20542532507293193 0.39481725311905963 0.30601162741594462 0.68866591379044606;0.19929980605026615 0.67913029996554275 0.28966014685277358 0.093592013839545227 0 0.46326612517493077 0.40658471881178443 0.27087346354328473 0.74788323942372326 0.79066999632539647 0.21665550749867252 0.88854289318777591 0.67027030049631708 0.52810198881579951 0.67599733207165857 0.78349940602875701 0.54444971143116494 0.44979483260662873 0.11363908117035441 0.0063481501539417893;0.58749490399763904 0.68532545391387978 0.40945723948750418 0.84455520825871 0.12156814066376058 0 0.31356392764057289 0.91767812885982247 0.27288008634765609 0.50350695931100387 0.34998829232710565 0.56193866142900861 0.93544413392025216 0.46403701281538451 0.31909851847716592 0.83613676072301257 0.43548798684471018 0.44914802408338045 0.064270496053458401 0.16386466590297816;0.028084400327745552 0.89873760351984755 0.33458635113275353 0.73327422966557165 0.20928838233527597 0.28808077825312334 0 0.0044154103006972976 0.17513159109797444 0.27007133111865372 0.24999317165914353 0.22960615072770646 0.73970518168918398 0.8502799279299682 0.88297534714785797 0.63656428812639976 0.33639846621297914 0.59807655883600341 0.37390776405093734 0.95829786386892979;0.043598807307840423 0.0021737624282315736 0.31616568508100079 0.70872073668094082 0.56968171177479332 0.20004414047855384 0.88196754426145785 0 0.037687121784443708 0.71434059570734132 0.94204200751103906 0.15804473365734156 0.99148205357748032 0.13950021959915521 0.35928863033207886 0.9239469029238655 0.57128315206531455 0.14418872495669705 0.77238757953179438 0.10328347704306044;0.35753920840040593 0.876980762392225 0.63367310766607199 0.74133675847405978 0.9125659510692038 0.80278689571815398 0.19885728508414152 0.0098310050872888917 0 0.82289450395993646 0.21642045412664707 0.54589863590502608 0.084334101735904873 0.51801088181728783 0.92090379910398434 0.99266591244820679 0.08284314149191134 0.43826347436181995 0.13267684585241118 0.29147057603516896;0.60783780969614254 0.22403609979647926 0.9504498013853655 0.4628748685026895 0.10700434423801723 0.84521970747246278 0.76063310284468411 0.73741093347905851 0.026851935333023703 0 0.46503168411571033 0.96784444671143843 0.6070280957962193 0.96587651555943554 0.98872870353310749 0.34187184634840712 0.63875096401600717 0.24143887282301563 0.31084243859099142 0.59379832982635483;0.28566368979939788 0.99125275397802337 0.9588080758366393 0.49121380812970722 0.3329372842511153 0.5600448614439667 0.39844327562993026 0.77659352520262936 0.037390855225282335 0.64379173964805547 0 0.90799860013995981 0.62617382337712502 0.68291221925385248 