function loadSmallProblem()
	global nRobots velocities energy homes nTasks priorities skills taskTimes distances;
	nRobots = 3;

	velocities = [0.56904516152705631 0.99964460981688563 0.7555603579970156];

	energy = [754.79920453063403 1524.3937894898299 1204.672544570109];

	homes = [6 7 8];

	nTasks = 5;

	priorities = [0.26270222961750428 0.56455232891126006 0.39883390575084493 0.72896868737067011 0.13431782397662656 1 1 1];

	skills = [0.44872306075639962 0.90582871659258613 0.077930353186047061 0.60941164277071413 0.26499605937934406 1 1 1;0.33553322358611187 0.089356154919706318 0.90785052133071364 0.15051388244058522 0.17464388583856832 1 1 1;0.23367148102894425 0.44075280769226893 0.12418743513744483 0.69993786511641598 0.98515900939259538 1 1 1];

	taskTimes = [0.74430537099151284 0.58259974093045941 0.85956687272585375 0.032454308887558556 0.88602800814699789 0 0 0;0.297290805457813 0.89615772340500355 0.41972799263488964 0.41572808035768943 0.71055831373918454 0 0 0;0.35761921946843916 0.48524203901849822 0.92293476630293292 0.71557064327351372 0.96227785088163387 0 0 0];

	distances = [0 0.85767777256758515 0.47722662871813698 0.92981947488105465 0.15369242125001786 0.053243699890555371 0.048042974319440643 0.34866063898661775;0.5990557181282079 0 0.95479898515072326 0.056926869019598578 0.4196410882136708 0.84829931634062772 0.68569026519534337 0.11309071181465861;0.76053353819257552 0.22432051247969759 0 0.16418044706864893 0.40086483725677297 0.21409203644455493 0.55337226920815963 0.29711237406808139;0.72603146914058769 0.92341150785956438 0.20468607906729014 0 0.88157032444086769 0.026725814626271705 0.21952420513076837 0.016987700638353909;0.58566723278537125 0.5977112547966944 0.09785181173593975 0.15416660095515794 0 0.43623723230282846 0.79844843937793253 0.83218258067431483;0.94228118229076585 0.85851202166110008 0.72791821030224213 0.5182665210039864 0.81030398081606014 0 0 0;0.93841438019080259 0.22024923421630921 0.58657089016384445 0.16289290923513727 0.46667260475393318 0 0 0;0.72466978442430807 0.64520183693180255 0.40307683632888053 0.60266662551949191 0.62855698897916656 0 0 0];

