
run =

     1     2     3     4     5     6     7     8     9    10


final_SI =

  Columns 1 through 7

    2.3333    2.3333    2.3333    2.3333    2.3333    2.3333    2.3333

  Columns 8 through 10

    2.3333    2.3333    2.3333


average =

    2.3333