
run =

     1     2     3     4     5     6     7     8     9    10


final_SI =

  Columns 1 through 7

    1.7321    1.7321    0.8660    1.7321    1.7951    1.9149    1.8559

  Columns 8 through 10

    2.7487    2.9059    1.7321


average =

    1.9015