
run =

     1     2     3     4     5     6     7     8     9    10


final_SI =

  Columns 1 through 7

    0.7071    0.7071    0.7071    0.7071    0.7071    0.7071    0.7071

  Columns 8 through 10

    0.7071    0.7071    0.7071


average =

    0.7071
